# Stats

43 teams, 3509 matches


2 leagues
es.1 - Primera División |  8 events
es.2 - Segunda División |  1 events


8 seasons
2019/20 |  2 events
2018/19 |  1 events
2017/18 |  1 events
2016/17 |  1 events
2015/16 |  1 events
2014/15 |  1 events
2013/14 |  1 events
2012/13 |  1 events


9 events:
  2019/20 (2):
== es.1 - Primera División 2019/20 |  20 Teams, 382 Matches, 686 Goals (+0 a.e.t.)
    0 Groups, 38 Rounds (38 Matchdays, 0 K.O.s)
1 (10)  2 (10)  3 (10)  4 (10)  5 (10)  6 (10)  7 (10)  8 (10)  9 (10)  10 (10)  11 (10)  12 (10)  13 (10)  14 (10)  15 (10)  16 (10)  17 (11)  18 (10)  19 (10)  20 (10)  21 (10)  22 (10)  23 (10)  24 (10)  25 (10)  26 (10)  27 (11)  28 (10)  29 (10)  30 (10)  31 (10)  32 (10)  33 (10)  34 (10)  35 (10)  36 (10)  37 (10)  38 (10)  

== es.2 - Segunda División 2019/20 |  22 Teams, 463 Matches, 782 Goals (+0 a.e.t.)
    0 Groups, 42 Rounds (42 Matchdays, 0 K.O.s)
1 (11)  2 (11)  3 (11)  4 (11)  5 (11)  6 (11)  7 (11)  8 (11)  9 (11)  10 (11)  11 (11)  12 (11)  13 (11)  14 (11)  15 (11)  16 (11)  17 (11)  18 (11)  19 (11)  20 (11)  21 (11)  22 (11)  23 (11)  24 (11)  25 (11)  26 (11)  27 (11)  28 (12)  29 (11)  30 (11)  31 (11)  32 (11)  33 (11)  34 (11)  35 (11)  36 (11)  37 (11)  38 (11)  39 (11)  40 (11)  41 (11)  42 (11)  

  2018/19 (1):
== es.1 - Primera División 2018/19 |  20 Teams, 381 Matches, 985 Goals (+0 a.e.t.)
    0 Groups, 38 Rounds (38 Matchdays, 0 K.O.s)
1 (10)  2 (10)  3 (10)  4 (10)  5 (10)  6 (10)  7 (10)  8 (10)  9 (11)  10 (10)  11 (10)  12 (10)  13 (10)  14 (10)  15 (10)  16 (10)  17 (10)  18 (10)  19 (10)  20 (10)  21 (10)  22 (10)  23 (10)  24 (10)  25 (10)  26 (10)  27 (10)  28 (10)  29 (10)  30 (10)  31 (10)  32 (10)  33 (10)  34 (10)  35 (10)  36 (10)  37 (10)  38 (10)  

  2017/18 (1):
== es.1 - Primera División 2017/18 |  20 Teams, 383 Matches, 1039 Goals (+0 a.e.t.)
    0 Groups, 38 Rounds (38 Matchdays, 0 K.O.s)
1 (10)  2 (10)  3 (10)  4 (10)  5 (10)  6 (10)  7 (10)  8 (10)  9 (10)  10 (10)  11 (10)  12 (10)  13 (10)  14 (10)  15 (10)  16 (10)  17 (10)  18 (10)  19 (10)  20 (10)  21 (10)  22 (10)  23 (10)  24 (11)  25 (10)  26 (10)  27 (10)  28 (10)  29 (10)  30 (10)  31 (10)  32 (10)  33 (10)  34 (10)  35 (10)  36 (12)  37 (10)  38 (10)  

  2016/17 (1):
== es.1 - Primera División 2016/17 |  20 Teams, 380 Matches, 1118 Goals (+0 a.e.t.)
    0 Groups, 38 Rounds (38 Matchdays, 0 K.O.s)
1 (10)  2 (10)  3 (10)  4 (10)  5 (10)  6 (10)  7 (10)  8 (10)  9 (10)  10 (10)  11 (10)  12 (10)  13 (10)  14 (10)  15 (10)  16 (10)  17 (10)  18 (10)  19 (10)  20 (10)  21 (10)  22 (10)  23 (10)  24 (10)  25 (10)  26 (10)  27 (10)  28 (10)  29 (10)  30 (10)  31 (10)  32 (10)  33 (10)  34 (10)  35 (10)  36 (10)  37 (10)  38 (10)  

  2015/16 (1):
== es.1 - Primera División 2015/16 |  20 Teams, 380 Matches, 1041 Goals (+0 a.e.t.)
    0 Groups, 38 Rounds (38 Matchdays, 0 K.O.s)
1 (10)  2 (10)  3 (10)  4 (10)  5 (10)  6 (10)  7 (10)  8 (10)  9 (10)  10 (10)  11 (10)  12 (10)  13 (10)  14 (10)  15 (10)  16 (10)  17 (10)  18 (10)  19 (10)  20 (10)  21 (10)  22 (10)  23 (10)  24 (10)  25 (10)  26 (10)  27 (10)  28 (10)  29 (10)  30 (10)  31 (10)  32 (10)  33 (10)  34 (10)  35 (10)  36 (10)  37 (10)  38 (10)  

  2014/15 (1):
== es.1 - Primera División 2014/15 |  20 Teams, 380 Matches, 1009 Goals (+0 a.e.t.)
    0 Groups, 38 Rounds (38 Matchdays, 0 K.O.s)
1 (10)  2 (10)  3 (10)  4 (10)  5 (10)  6 (10)  7 (10)  8 (10)  9 (10)  10 (10)  11 (10)  12 (10)  13 (10)  14 (10)  15 (10)  16 (10)  17 (10)  18 (10)  19 (10)  20 (10)  21 (10)  22 (10)  23 (10)  24 (10)  25 (10)  26 (10)  27 (10)  28 (10)  29 (10)  30 (10)  31 (10)  32 (10)  33 (10)  34 (10)  35 (10)  36 (10)  37 (10)  38 (10)  

  2013/14 (1):
== es.1 - Primera División 2013/14 |  20 Teams, 380 Matches, 1045 Goals (+0 a.e.t.)
    0 Groups, 38 Rounds (38 Matchdays, 0 K.O.s)
1 (10)  2 (10)  3 (10)  4 (10)  5 (10)  6 (10)  7 (10)  8 (10)  9 (10)  10 (10)  11 (10)  12 (10)  13 (10)  14 (10)  15 (10)  16 (10)  17 (10)  18 (10)  19 (10)  20 (10)  21 (10)  22 (10)  23 (10)  24 (10)  25 (10)  26 (10)  27 (10)  28 (10)  29 (10)  30 (10)  31 (10)  32 (10)  33 (10)  34 (10)  35 (10)  36 (10)  37 (10)  38 (10)  

  2012/13 (1):
== es.1 - Primera División 2012/13 |  20 Teams, 380 Matches, 1091 Goals (+0 a.e.t.)
    0 Groups, 38 Rounds (38 Matchdays, 0 K.O.s)
1 (10)  2 (10)  3 (10)  4 (10)  5 (10)  6 (10)  7 (10)  8 (10)  9 (10)  10 (10)  11 (10)  12 (10)  13 (10)  14 (10)  15 (10)  16 (10)  17 (10)  18 (10)  19 (10)  20 (10)  21 (10)  22 (10)  23 (10)  24 (10)  25 (10)  26 (10)  27 (10)  28 (10)  29 (10)  30 (10)  31 (10)  32 (10)  33 (10)  34 (10)  35 (10)  36 (10)  37 (10)  38 (10)  



## Logs

13 logs:
[warn] skipping line (no match found): >[Sáb. 9.9]<
[warn] skipping line (no match found): >[Mar.19.12]<
[warn] skipping line (no match found): >[Sab. 6.10]<
[warn] skipping line (no match found): >[Lun. 26.11]<
[warn] skipping line (no match found): >[Vie. 22.2]<
[warn] skipping line (no match found): >[Jue. 19.9]<
[warn] skipping line (no match found): >[Sáb. 9.9]<
[warn] skipping line (no match found): >[Mar.19.12]<
[warn] skipping line (no match found): >[Sab. 6.10]<
[warn] skipping line (no match found): >[Lun. 26.11]<
[warn] skipping line (no match found): >[Vie. 22.2]<
[warn] skipping line (no match found): >[Jue. 19.9]<
